6.700000000000000000e+01
1.260000000000000000e+02
6.900000000000000000e+01
1.440000000000000000e+02
7.100000000000000000e+01
1.620000000000000000e+02
7.300000000000000000e+01
1.750000000000000000e+02
7.800000000000000000e+01
1.930000000000000000e+02
8.900000000000000000e+01
2.040000000000000000e+02
9.800000000000000000e+01
2.100000000000000000e+02
1.090000000000000000e+02
2.120000000000000000e+02
1.290000000000000000e+02
2.170000000000000000e+02
1.480000000000000000e+02
2.120000000000000000e+02
1.620000000000000000e+02
2.080000000000000000e+02
1.730000000000000000e+02
2.040000000000000000e+02
1.810000000000000000e+02
1.900000000000000000e+02
1.880000000000000000e+02
1.750000000000000000e+02
1.880000000000000000e+02
1.590000000000000000e+02
1.900000000000000000e+02
1.420000000000000000e+02
1.930000000000000000e+02
1.240000000000000000e+02
8.000000000000000000e+01
1.090000000000000000e+02
8.700000000000000000e+01
1.040000000000000000e+02
9.600000000000000000e+01
1.020000000000000000e+02
1.070000000000000000e+02
1.040000000000000000e+02
1.130000000000000000e+02
1.070000000000000000e+02
1.440000000000000000e+02
1.070000000000000000e+02
1.510000000000000000e+02
1.040000000000000000e+02
1.590000000000000000e+02
1.020000000000000000e+02
1.700000000000000000e+02
1.040000000000000000e+02
1.770000000000000000e+02
1.090000000000000000e+02
1.290000000000000000e+02
1.220000000000000000e+02
1.290000000000000000e+02
1.310000000000000000e+02
1.290000000000000000e+02
1.400000000000000000e+02
1.290000000000000000e+02
1.480000000000000000e+02
1.180000000000000000e+02
1.570000000000000000e+02
1.220000000000000000e+02
1.570000000000000000e+02
1.290000000000000000e+02
1.590000000000000000e+02
1.330000000000000000e+02
1.570000000000000000e+02
1.400000000000000000e+02
1.570000000000000000e+02
9.100000000000000000e+01
1.220000000000000000e+02
9.800000000000000000e+01
1.180000000000000000e+02
1.040000000000000000e+02
1.180000000000000000e+02
1.130000000000000000e+02
1.220000000000000000e+02
1.070000000000000000e+02
1.240000000000000000e+02
9.800000000000000000e+01
1.240000000000000000e+02
1.440000000000000000e+02
1.220000000000000000e+02
1.510000000000000000e+02
1.180000000000000000e+02
1.590000000000000000e+02
1.180000000000000000e+02
1.660000000000000000e+02
1.220000000000000000e+02
1.590000000000000000e+02
1.240000000000000000e+02
1.510000000000000000e+02
1.240000000000000000e+02
1.070000000000000000e+02
1.790000000000000000e+02
1.150000000000000000e+02
1.750000000000000000e+02
1.240000000000000000e+02
1.710000000000000000e+02
1.290000000000000000e+02
1.730000000000000000e+02
1.330000000000000000e+02
1.710000000000000000e+02
1.420000000000000000e+02
1.750000000000000000e+02
1.510000000000000000e+02
1.790000000000000000e+02
1.420000000000000000e+02
1.820000000000000000e+02
1.350000000000000000e+02
1.840000000000000000e+02
1.290000000000000000e+02
1.840000000000000000e+02
1.220000000000000000e+02
1.840000000000000000e+02
1.150000000000000000e+02
1.820000000000000000e+02
1.090000000000000000e+02
1.790000000000000000e+02
1.220000000000000000e+02
1.770000000000000000e+02
1.290000000000000000e+02
1.770000000000000000e+02
1.350000000000000000e+02
1.770000000000000000e+02
1.480000000000000000e+02
1.790000000000000000e+02
1.330000000000000000e+02
1.770000000000000000e+02
1.290000000000000000e+02
1.770000000000000000e+02
1.220000000000000000e+02
1.770000000000000000e+02
