6.200000000000000000e+01
1.230000000000000000e+02
6.600000000000000000e+01
1.390000000000000000e+02
6.800000000000000000e+01
1.530000000000000000e+02
7.200000000000000000e+01
1.650000000000000000e+02
7.800000000000000000e+01
1.790000000000000000e+02
8.800000000000000000e+01
1.910000000000000000e+02
9.800000000000000000e+01
1.990000000000000000e+02
1.120000000000000000e+02
2.070000000000000000e+02
1.320000000000000000e+02
2.110000000000000000e+02
1.500000000000000000e+02
2.050000000000000000e+02
1.600000000000000000e+02
1.950000000000000000e+02
1.680000000000000000e+02
1.870000000000000000e+02
1.740000000000000000e+02
1.750000000000000000e+02
1.760000000000000000e+02
1.610000000000000000e+02
1.780000000000000000e+02
1.470000000000000000e+02
1.780000000000000000e+02
1.350000000000000000e+02
1.780000000000000000e+02
1.190000000000000000e+02
8.000000000000000000e+01
1.120000000000000000e+02
8.800000000000000000e+01
1.080000000000000000e+02
9.600000000000000000e+01
1.060000000000000000e+02
1.060000000000000000e+02
1.060000000000000000e+02
1.140000000000000000e+02
1.080000000000000000e+02
1.420000000000000000e+02
1.060000000000000000e+02
1.480000000000000000e+02
1.040000000000000000e+02
1.560000000000000000e+02
1.020000000000000000e+02
1.640000000000000000e+02
1.040000000000000000e+02
1.700000000000000000e+02
1.080000000000000000e+02
1.280000000000000000e+02
1.250000000000000000e+02
1.300000000000000000e+02
1.370000000000000000e+02
1.300000000000000000e+02
1.470000000000000000e+02
1.320000000000000000e+02
1.550000000000000000e+02
1.200000000000000000e+02
1.570000000000000000e+02
1.240000000000000000e+02
1.590000000000000000e+02
1.300000000000000000e+02
1.610000000000000000e+02
1.360000000000000000e+02
1.590000000000000000e+02
1.400000000000000000e+02
1.570000000000000000e+02
9.200000000000000000e+01
1.250000000000000000e+02
9.800000000000000000e+01
1.210000000000000000e+02
1.060000000000000000e+02
1.210000000000000000e+02
1.120000000000000000e+02
1.250000000000000000e+02
1.060000000000000000e+02
1.270000000000000000e+02
9.800000000000000000e+01
1.270000000000000000e+02
1.420000000000000000e+02
1.230000000000000000e+02
1.480000000000000000e+02
1.190000000000000000e+02
1.560000000000000000e+02
1.190000000000000000e+02
1.600000000000000000e+02
1.210000000000000000e+02
1.560000000000000000e+02
1.230000000000000000e+02
1.480000000000000000e+02
1.230000000000000000e+02
1.040000000000000000e+02
1.710000000000000000e+02
1.140000000000000000e+02
1.690000000000000000e+02
1.260000000000000000e+02
1.670000000000000000e+02
1.300000000000000000e+02
1.670000000000000000e+02
1.360000000000000000e+02
1.670000000000000000e+02
1.480000000000000000e+02
1.670000000000000000e+02
1.540000000000000000e+02
1.690000000000000000e+02
1.460000000000000000e+02
1.810000000000000000e+02
1.400000000000000000e+02
1.850000000000000000e+02
1.320000000000000000e+02
1.870000000000000000e+02
1.240000000000000000e+02
1.870000000000000000e+02
1.160000000000000000e+02
1.810000000000000000e+02
1.060000000000000000e+02
1.710000000000000000e+02
1.220000000000000000e+02
1.710000000000000000e+02
1.300000000000000000e+02
1.710000000000000000e+02
1.380000000000000000e+02
1.710000000000000000e+02
1.520000000000000000e+02
1.690000000000000000e+02
1.380000000000000000e+02
1.790000000000000000e+02
1.300000000000000000e+02
1.790000000000000000e+02
1.240000000000000000e+02
1.790000000000000000e+02
