7.100000000000000000e+01
1.300000000000000000e+02
7.300000000000000000e+01
1.440000000000000000e+02
7.500000000000000000e+01
1.610000000000000000e+02
7.900000000000000000e+01
1.730000000000000000e+02
8.400000000000000000e+01
1.900000000000000000e+02
9.400000000000000000e+01
2.000000000000000000e+02
1.020000000000000000e+02
2.090000000000000000e+02
1.150000000000000000e+02
2.130000000000000000e+02
1.330000000000000000e+02
2.170000000000000000e+02
1.520000000000000000e+02
2.130000000000000000e+02
1.620000000000000000e+02
2.060000000000000000e+02
1.730000000000000000e+02
2.000000000000000000e+02
1.810000000000000000e+02
1.880000000000000000e+02
1.830000000000000000e+02
1.710000000000000000e+02
1.850000000000000000e+02
1.570000000000000000e+02
1.870000000000000000e+02
1.420000000000000000e+02
1.890000000000000000e+02
1.250000000000000000e+02
8.400000000000000000e+01
1.110000000000000000e+02
9.000000000000000000e+01
1.070000000000000000e+02
1.000000000000000000e+02
1.050000000000000000e+02
1.080000000000000000e+02
1.050000000000000000e+02
1.150000000000000000e+02
1.070000000000000000e+02
1.440000000000000000e+02
1.070000000000000000e+02
1.500000000000000000e+02
1.050000000000000000e+02
1.580000000000000000e+02
1.050000000000000000e+02
1.690000000000000000e+02
1.070000000000000000e+02
1.750000000000000000e+02
1.110000000000000000e+02
1.290000000000000000e+02
1.210000000000000000e+02
1.290000000000000000e+02
1.320000000000000000e+02
1.290000000000000000e+02
1.420000000000000000e+02
1.290000000000000000e+02
1.500000000000000000e+02
1.210000000000000000e+02
1.570000000000000000e+02
1.250000000000000000e+02
1.590000000000000000e+02
1.310000000000000000e+02
1.590000000000000000e+02
1.350000000000000000e+02
1.590000000000000000e+02
1.420000000000000000e+02
1.570000000000000000e+02
9.400000000000000000e+01
1.210000000000000000e+02
1.000000000000000000e+02
1.190000000000000000e+02
1.060000000000000000e+02
1.190000000000000000e+02
1.150000000000000000e+02
1.230000000000000000e+02
1.080000000000000000e+02
1.230000000000000000e+02
1.000000000000000000e+02
1.230000000000000000e+02
1.440000000000000000e+02
1.210000000000000000e+02
1.520000000000000000e+02
1.190000000000000000e+02
1.580000000000000000e+02
1.190000000000000000e+02
1.650000000000000000e+02
1.210000000000000000e+02
1.580000000000000000e+02
1.230000000000000000e+02
1.500000000000000000e+02
1.230000000000000000e+02
1.110000000000000000e+02
1.790000000000000000e+02
1.170000000000000000e+02
1.750000000000000000e+02
1.270000000000000000e+02
1.710000000000000000e+02
1.310000000000000000e+02
1.710000000000000000e+02
1.350000000000000000e+02
1.690000000000000000e+02
1.460000000000000000e+02
1.730000000000000000e+02
1.540000000000000000e+02
1.770000000000000000e+02
1.460000000000000000e+02
1.820000000000000000e+02
1.380000000000000000e+02
1.840000000000000000e+02
1.310000000000000000e+02
1.860000000000000000e+02
1.250000000000000000e+02
1.860000000000000000e+02
1.190000000000000000e+02
1.840000000000000000e+02
1.110000000000000000e+02
1.790000000000000000e+02
1.250000000000000000e+02
1.770000000000000000e+02
1.310000000000000000e+02
1.770000000000000000e+02
1.380000000000000000e+02
1.770000000000000000e+02
1.520000000000000000e+02
1.770000000000000000e+02
1.380000000000000000e+02
1.770000000000000000e+02
1.310000000000000000e+02
1.770000000000000000e+02
1.250000000000000000e+02
1.770000000000000000e+02
